field-1:
  soil_lon: 6.1009
  soil_lat: 51.9023
  area: 4.940288426622889
  type: silt
field-2:
  soil_lon: 6.0995
  soil_lat: 51.9041
  area: 7.01625892904209
  type: clay
field-3:
  soil_lon: 6.1014
  soil_lat: 51.9035
  area: 2.405533374972944
  type: silt
field-4:
  soil_lon: 6.0959
  soil_lat: 51.9076
  area: 4.274956325994719
  type: clay
