field-1:
  soil_lon: 6.0027
  soil_lat: 51.8579
  area: 2.6785075704160186
  type: silt
field-2:
  soil_lon: 6.0038
  soil_lat: 51.8568
  area: 2.589622947110851
  type: silt
field-3:
  soil_lon: 6.0071
  soil_lat: 51.8593
  area: 1.6013356637142508
  type: silt
