field-1:
  soil_lon: 6.0088
  soil_lat: 51.843
  area: 1.6858145426536146
  type: silt
field-2:
  soil_lon: 6.0073
  soil_lat: 51.8412
  area: 3.194425642730716
  type: silt
field-3:
  soil_lon: 6.0082
  soil_lat: 51.8423
  area: 1.2657666473172122
  type: silt
