
    RDMSOL: 100
    SoilProfileDescription:
        PFWiltingPoint: 4.2
        PFFieldCapacity: 2.0
        SurfaceConductivity: 70
        GroundWater: false
        SoilLayers:
        - Thickness: 5
          CNRatioSOMI: 7.632933104631218
          CRAIRC: 0.03
          FSOMI: 0.02581
          RHOD: 1.24
          Soil_pH: 5.2
          SMfromPF: [-1.0, 0.4779, 1.0, 0.4507, 1.3, 0.4259, 1.7, 0.3764, 2.0, 0.3333, 2.3, 0.2908, 2.4, 0.2774, 2.7, 0.2401, 3.0, 0.2074, 3.3, 0.1792, 3.7, 0.1476, 4.0, 0.1278, 4.2, 0.1162, 6.0, 0.0518, ]
          CONDfromPF: [-1.0, 1.6211, 1.0, 0.6332, 1.3, 0.2707, 1.7, -0.3297, 2.0, -0.8416, 2.3, -1.3819, 2.4, -1.5656, 2.7, -2.1226, 3.0, -2.6845, 3.3, -3.2486, 3.7, -4.0020, 4.0, -4.5674, 4.2, -4.9445, 6.0, -8.3386, ]
        - Thickness: 10
          CNRatioSOMI: 9.152542372881355
          CRAIRC: 0.03
          FSOMI: 0.01566
          RHOD: 1.34
          Soil_pH: 5.4
          SMfromPF: [-1.0, 0.4481, 1.0, 0.4205, 1.3, 0.3942, 1.7, 0.3413, 2.0, 0.2957, 2.3, 0.2520, 2.4, 0.2384, 2.7, 0.2013, 3.0, 0.1698, 3.3, 0.1432, 3.7, 0.1145, 4.0, 0.0971, 4.2, 0.0871, 6.0, 0.0358, ]
          CONDfromPF: [-1.0, 1.6259, 1.0, 0.6840, 1.3, 0.3151, 1.7, -0.3089, 2.0, -0.8469, 2.3, -1.4166, 2.4, -1.6104, 2.7, -2.1983, 3.0, -2.7914, 3.3, -3.3866, 3.7, -4.1816, 4.0, -4.7783, 4.2, -5.1761, 6.0, -8.7571, ]
        - Thickness: 15
          CNRatioSOMI: 7.158671586715867
          CRAIRC: 0.03
          FSOMI: 0.011252
          RHOD: 1.41
          Soil_pH: 5.3
          SMfromPF: [-1.0, 0.4274, 1.0, 0.3983, 1.3, 0.3713, 1.7, 0.3188, 2.0, 0.2748, 2.3, 0.2333, 2.4, 0.2204, 2.7, 0.1856, 3.0, 0.1562, 3.3, 0.1315, 3.7, 0.1049, 4.0, 0.0888, 4.2, 0.0796, 6.0, 0.0329, ]
          CONDfromPF: [-1.0, 1.6072, 1.0, 0.6363, 1.3, 0.2565, 1.7, -0.3795, 2.0, -0.9225, 2.3, -1.4946, 2.4, -1.6889, 2.7, -2.2773, 3.0, -2.8703, 3.3, -3.4653, 3.7, -4.2597, 4.0, -4.8559, 4.2, -5.2534, 6.0, -8.8315, ]
        - Thickness: 30
          CNRatioSOMI: 5.615384615384615
          CRAIRC: 0.03
          FSOMI: 0.008468
          RHOD: 1.47
          Soil_pH: 5.3
          SMfromPF: [-1.0, 0.4101, 1.0, 0.3806, 1.3, 0.3543, 1.7, 0.3048, 2.0, 0.2640, 2.3, 0.2256, 2.4, 0.2137, 2.7, 0.1814, 3.0, 0.1538, 3.3, 0.1305, 3.7, 0.1052, 4.0, 0.0897, 4.2, 0.0809, 6.0, 0.0345, ]
          CONDfromPF: [-1.0, 1.5505, 1.0, 0.5359, 1.3, 0.1505, 1.7, -0.4833, 2.0, -1.0178, 2.3, -1.5778, 2.4, -1.7676, 2.7, -2.3419, 3.0, -2.9203, 3.3, -3.5004, 3.7, -4.2749, 4.0, -4.8560, 4.2, -5.2436, 6.0, -8.7316, ]
        - Thickness: 40
          CNRatioSOMI: 3.8996138996139
          CRAIRC: 0.03
          FSOMI: 0.005858
          RHOD: 1.5
          Soil_pH: 5.3
          SMfromPF: [-1.0, 0.4016, 1.0, 0.3717, 1.3, 0.3455, 1.7, 0.2969, 2.0, 0.2572, 2.3, 0.2200, 2.4, 0.2085, 2.7, 0.1772, 3.0, 0.1505, 3.3, 0.1279, 3.7, 0.1033, 4.0, 0.0882, 4.2, 0.0796, 6.0, 0.0342, ]
          CONDfromPF: [-1.0, 1.5338, 1.0, 0.4961, 1.3, 0.1022, 1.7, -0.5435, 2.0, -1.0865, 2.3, -1.6547, 2.4, -1.8471, 2.7, -2.4294, 3.0, -3.0156, 3.3, -3.6035, 3.7, -4.3885, 4.0, -4.9775, 4.2, -5.3702, 6.0, -8.9051, ]
        SubSoilType:
          CNRatioSOMI: 3.8996138996139
          CRAIRC: 0.03
          FSOMI: 0.005858
          RHOD: 1.5
          Soil_pH: 5.3
          Thickness: 40
          SMfromPF: [-1.0, 0.4016, 1.0, 0.3717, 1.3, 0.3455, 1.7, 0.2969, 2.0, 0.2572, 2.3, 0.2200, 2.4, 0.2085, 2.7, 0.1772, 3.0, 0.1505, 3.3, 0.1279, 3.7, 0.1033, 4.0, 0.0882, 4.2, 0.0796, 6.0, 0.0342, ]
          CONDfromPF: [-1.0, 1.5338, 1.0, 0.4961, 1.3, 0.1022, 1.7, -0.5435, 2.0, -1.0865, 2.3, -1.6547, 2.4, -1.8471, 2.7, -2.4294, 3.0, -3.0156, 3.3, -3.6035, 3.7, -4.3885, 4.0, -4.9775, 4.2, -5.3702, 6.0, -8.9051, ]
    